1000000  0.00612  0.02113  0.28944 
2000000  0.01037  0.04267  0.24295 
3000000  0.01136  0.06041  0.18797 
4000000  0.02064  0.08754  0.23579 
5000000  0.02061  0.10412  0.19799 
6000000  0.02214  0.12218  0.18123 
7000000  0.03920  0.15534  0.25235 
8000000  0.03804  0.17394  0.21869 
9000000  0.04006  0.19041  0.21040 
10000000  0.04062  0.20989  0.19352 
11000000  0.04384  0.22516  0.19470 
12000000  0.04388  0.24306  0.18052 
13000000  0.10375  0.34913  0.29715 
14000000  0.10537  0.36857  0.28589 
15000000  0.10918  0.38361  0.28462 
16000000  0.11206  0.40449  0.27705 
17000000  0.11712  0.41854  0.27982 
18000000  0.12349  0.43498  0.28390 
19000000  0.12626  0.45186  0.27941 
20000000  0.13008  0.47179  0.27572 
21000000  0.13463  0.63427  0.21225 
22000000  0.13675  0.65041  0.21025 
23000000  0.14338  0.66855  0.21446 
24000000  0.14499  0.68301  0.21228 
25000000  0.14898  0.70442  0.21149 
26000000  0.26326  0.72072  0.36528 
27000000  0.27174  0.73835  0.36804 
28000000  0.27555  0.75911  0.36299 
29000000  0.27615  0.77450  0.35655 
30000000  0.28362  0.79539  0.35658 
31000000  0.28901  0.81285  0.35555 
32000000  0.28924  0.83007  0.34845 
33000000  0.29623  0.84664  0.34989 
34000000  0.29909  1.10344  0.27105 
35000000  0.30414  1.11796  0.27205 
36000000  0.30739  1.14102  0.26940 
37000000  0.31434  1.15103  0.27309 
38000000  0.31610  1.16829  0.27056 
39000000  0.32773  1.18826  0.27581 
40000000  0.32489  1.21161  0.26815 
41000000  0.33059  1.21935  0.27112 
42000000  0.33332  1.24271  0.26822 
43000000  0.33783  1.25708  0.26874 
44000000  0.34396  1.28093  0.26852 
45000000  0.34605  1.29145  0.26796 
46000000  0.35233  1.31221  0.26850 
47000000  0.35291  1.32691  0.26596 
48000000  0.36035  1.35383  0.26617 
49000000  0.36193  1.36768  0.26463 
50000000  0.36694  1.38669  0.26461 
51000000  0.60560  1.40628  0.43064 
52000000  0.60497  1.41676  0.42701 
53000000  0.61363  1.44004  0.42612 
54000000  0.61623  1.83483  0.33585 
55000000  0.62586  1.85268  0.33781 
56000000  0.62054  1.88428  0.32932 
57000000  0.62615  1.89695  0.33008 
58000000  0.63579  1.93815  0.32804 
59000000  0.63716  1.95676  0.32562 
60000000  0.64422  1.96905  0.32718 
61000000  0.65214  1.94372  0.33551 
62000000  0.65336  1.95434  0.33431 
63000000  0.66269  2.00425  0.33064 
64000000  0.66614  2.02246  0.32937 
65000000  0.66689  2.02284  0.32968 
66000000  0.67390  2.03214  0.33162 
67000000  0.67476  2.05119  0.32896 
68000000  0.68031  2.07846  0.32732 
69000000  0.68246  2.08696  0.32701 
70000000  0.69053  2.10437  0.32814 
71000000  0.69217  2.12468  0.32578 
72000000  0.69837  2.13491  0.32712 
73000000  0.70544  2.19301  0.32168 
74000000  0.70427  2.18567  0.32222 
75000000  0.71007  2.20228  0.32243 
76000000  0.71567  2.22220  0.32205 
77000000  0.71614  2.23531  0.32038 
78000000  0.71958  2.24462  0.32058 
79000000  0.72315  2.26947  0.31864 
80000000  0.72835  2.49077  0.29242 
81000000  0.73975  2.29608  0.32218 
82000000  0.73860  2.32104  0.31822 
83000000  0.74577  2.33606  0.31924 
84000000  0.74739  2.35536  0.31732 
85000000  0.75066  2.36957  0.31679 
86000000  0.75874  2.38584  0.31802 
87000000  0.76020  2.40955  0.31550 
88000000  0.76521  3.05385  0.25057 
89000000  0.77136  3.07790  0.25061 
90000000  0.78072  3.08836  0.25279 
91000000  0.78176  3.10596  0.25170 
92000000  0.78276  3.12278  0.25066 
93000000  0.77901  3.14870  0.24741 
94000000  0.78976  3.15401  0.25040 
95000000  0.79030  3.17927  0.24858 
96000000  0.79963  3.20153  0.24977 
97000000  0.79978  3.20958  0.24918 
98000000  0.80520  3.22787  0.24945 
99000000  0.81297  3.24266  0.25071 
100000000  0.81719  3.26504  0.25028 